-0.181016208932337,0.0239964826543567,0.13087347937489,-0.219012880845422,-0.308623751224119,-0.0333287502990955,-0.0589496938020687,-0.25421817488064,0.103082909315761,0.213269499739006,0.0333374542547999,0.302006526660829,0.00836780098836237,0.237801217203065,-0.168754904649509,0.0459111601423373,0.189681390483972,-0.0855907630166201,0.12390448580324,0.144565231682514,0.190866363673949,-0.476651319976257,0.000444420132235585,0.0264723376922856,0.396967209851017
0.16764735285848,-0.0513447374313187,-0.317851259627471,0.123603727785086,-0.00434739451334337,-0.168436426377274,-0.0331822920078125,-0.216339063123666,-0.128309592022181,-0.0501071035642043,-0.137397156601855,-0.0664062347932488,0.219709314224199,-0.109903254996274,-0.086750451458253,-0.297216433207835,0.0386199976391248,-0.101118491715446,-0.52207597636069,0.386394980061928,0.120231664217904,-0.205582226403735,0.242437938292169,-0.166004626725369,-0.0393337339948963
-0.187057827397307,0.0651831611514866,-0.215427455745576,0.204082370827615,-0.110498888235343,0.265310987526494,-0.341229099192227,-0.0655255365828209,-0.256883066968058,0.139756239011461,-0.424610573832992,0.0973679716777811,-0.143216552274929,-0.0619768669284418,-0.205478196846166,0.377478524721485,0.0396345169783725,-0.117697937884704,-0.0860445017219518,-0.108995006255914,-0.213300934171758,0.0446612819022836,0.22734788929883,0.223183679481364,-0.036264079414986
-0.360834929473887,-0.0260509872189269,-0.348752421326422,-0.131730782584962,-0.0659993370679463,-0.0447215025367176,0.00899176736078461,0.478870276764956,-0.100803728803777,-0.0688526794831661,0.14629971997911,0.16584007465501,-0.214384317581901,0.24993667331558,-0.0626492816566574,0.106592227894858,0.0409996551018706,0.245884792272328,-0.079506918383585,0.328297535799135,-0.0843897967170438,0.0648683096496752,-0.0164055987197544,-0.341746543503189,-0.0472227990036434
-0.129469499521149,0.252829170199799,0.0299791421319938,-0.296883647071088,-0.250541253907304,0.232365795976629,-0.159588824416245,-0.247816256370216,0.150887689191145,-0.0256422802131125,-0.0581570833775843,-0.301832350736933,0.0715311325231408,0.102019716703375,-0.302985526657145,-0.294538127386964,0.206165161101318,0.182517314778225,-0.0400075034349751,-0.20435126986672,-0.0342237572748512,0.287943855122469,0.0343529493172412,-0.299074362457176,-0.144075065117759
3.94557486512502e-05,-0.160646514100677,-0.138035178123886,-0.0391850557675719,0.475257783602891,-0.235859246323486,-0.0186109358492779,-0.137372665407251,-0.250348115676513,0.322856316496979,0.275195272218108,-0.0207116232767032,-0.0671122631629733,-0.0648822314627832,-0.330211461158656,0.0415924671857284,0.349096406338745,0.0873000407734196,0.00397624657688478,-0.314353158694923,-0.0620253238810539,-0.153645901600413,-0.117015985878087,-0.0920829678513794,-0.111273220340141
-0.192508243962397,0.102217064846315,0.0920291347786882,-0.133652225137725,0.221325649748973,-0.21249475158548,-0.137855474140819,0.0300511077531713,0.167820298479596,0.0292129936142267,-0.0290948684685186,-0.264432163115106,0.316826063882511,0.166056285419376,-0.103245325690812,0.265844292867624,0.197957946751733,-0.0948172302122937,-0.136976329149986,0.381646839391663,0.0666492521661221,0.252586780400684,-0.230584201474769,0.408269810496004,-0.0484721176747223
0.0591689285501716,0.0178414272122611,-0.174648591994714,-0.309962637047733,0.113773369887916,-0.167045448734832,-0.1800485622017,-0.383268898251861,0.0808249776681592,0.0279369510313211,-0.319843631776722,0.161465123348556,-0.0824601634464945,-0.144900108411531,0.341650744471874,0.232169674849597,-0.182969322884264,0.150949546005626,-0.0438966403641415,0.0222261757676711,-0.0556127342770079,0.05632712048314,-0.412282660724875,-0.282083447169298,0.0288933327657819
-0.222973867739914,-0.139675610868457,-0.0723151006627412,-0.0604080944108858,-0.0603778395992122,0.124269795949118,0.340054167095856,-0.279584075821397,-0.197396923507773,-0.10590461423233,0.137754660052066,0.0243855656497244,-0.23613359178246,0.301423379971727,0.172140423139601,-0.152547123683613,0.0050834009756702,-0.211280607945918,-0.433632264513788,-0.166761504402332,-0.150756464386335,0.170263245448559,-0.220774274589923,0.246408577431309,0.13433007215055
0.126313540396816,-0.321100557700593,-0.123715856989136,0.0114366297730309,-0.116303883860245,0.208296204169308,-0.349332569003199,0.000822356655302378,0.124871499361707,-0.274948365724239,0.2925842996248,-0.256949797102722,-0.0103992942308019,-0.0799465974553493,-0.241287581023619,0.0576046102781423,-0.16663352755291,-0.263339559369402,0.05739123400942,0.097480484007602,-0.304872485613571,-0.215080113713823,-0.339527668754793,-0.0609530282089618,0.0871067173651094
0.0964972548531237,-0.0524989266972501,0.391583545358631,-0.15278636041709,0.0853590244549981,-0.205966142710823,-0.177583767992694,0.164906568858653,0.00110415554229766,0.041423462373323,-0.282212120296701,0.150395307369214,-0.486122888857836,-0.0242568503816607,-0.292659404941503,-0.393929424147935,-0.132542285051114,-0.0179851176441907,-0.117464297190938,0.15389826095456,-0.116952818787405,-0.00147936601601974,-0.113100788193908,0.156845392426347,-0.121050444022806
-0.0880748260003544,-0.257091467634026,-0.432308617240322,0.11639106912925,-0.0712516249049956,-0.073850094770559,0.307308475318973,-0.0196009724709624,0.40043310575264,0.198991841286556,-0.312758881637743,-0.191691298028776,-0.225751288883367,-0.0301033484612306,-0.0434403629767457,-0.167158449621639,0.148106108375925,-0.186234914064781,0.343173721016881,0.0611847768442238,0.0766129451819008,0.049481955370347,-0.0743211509996362,0.0716072206271201,-0.0839583868883404
-0.15185313375779,-0.172811017228613,0.296441520322355,0.183452161427575,0.252735700323842,0.32048768693496,-0.124041840143528,-0.237427218327993,0.131283972315169,0.0119355004453229,0.0643516084200179,0.143541126702985,-0.0984401735774684,0.165273148552327,0.276929158093705,0.00250355671804589,0.236273492294767,-0.180371294286189,0.0656983631777609,0.269527247738299,-0.0468988683515672,-0.0554237619264599,0.116313662567599,-0.239843049888454,-0.435579029316952
0.0493122271926399,-0.19658590916918,0.0616382766505967,0.368116585924878,-0.407718595641452,-0.0726377993580185,-0.0402507857584469,-0.0912557382873289,-0.0705087404288531,0.220279152443209,0.11457016605641,0.307460086756287,0.241506132117837,-0.145510947067269,-0.0118631122690645,-0.145102518879409,0.165409930186347,0.326034442397127,0.03373473623107,0.143663884854566,-0.207079057167207,0.260414236678398,-0.303708088367756,0.102706402953438,-0.0859502470483897
0.228493210744472,0.163229751213202,0.0180425319648303,0.0913026278920237,0.0874635525114575,0.271804563121017,0.326887134787272,-0.0885979945538835,0.149894664043935,-0.0719235464487923,-0.112251349785734,-0.173449001660377,-0.133293992799642,0.104402992560127,-0.0893560498451693,0.165032967040609,0.0828734610682819,0.546706996245042,-0.11808034335205,0.159925270689947,-0.233927817132656,-0.377376083563737,-0.0869406010044371,0.172111195773004,-0.0494706116476551
0.543178043178865,0.204121256717117,-0.145100489727672,-0.0931213892772493,-0.0714662168991347,0.140804185499282,-0.118658604420344,-0.0489325184960351,-0.249053465190074,0.363662230070792,0.217665104080898,-0.147281997538755,-0.279375194722591,0.217388272806348,0.131087801437742,0.0138588777352566,0.0466444054304866,-0.102295441065204,0.152902600646065,0.283905248350849,0.0815800714052879,0.234493168807156,0.026107631660949,0.0367339609410973,0.0763669771380362
-0.0139495215384378,0.244822432507365,0.120128766493463,0.367441201685935,-0.0848077786442509,-0.238223555597237,0.118413251347513,-0.00496363889644039,-0.184651028351448,0.126241762449963,-0.186991519360699,-0.160985338432826,0.136583159626754,0.465955169566412,-0.11940097153092,0.0493605930012355,-0.279070732597854,-0.197569462593764,0.0850761738234767,-0.0793844990855295,-0.0898749979883032,-0.138471835708131,-0.273644696381165,-0.301839415921851,-0.15925609170563
-0.163233870392447,0.292062477108303,0.055939618270198,-0.0308484615058423,-0.166047478981937,0.144494301086619,0.233464674101664,0.0125763476168703,0.119766204263868,0.31705478885805,0.264142719204692,0.0178134300105271,-0.139527559365409,-0.466691678002294,-0.135680057612595,0.179370386332146,-0.213514042949773,-0.196043909931784,-0.249053153258521,0.0822585472047816,0.190016165167443,-0.0625301622692061,-0.168915238768744,-0.0489018245472588,-0.290336858368029
0.0120453190081078,0.226451822013039,-0.228722526206462,-0.252591634309504,-0.0705861033580531,-0.130312486890343,-0.1254082901304,0.118858011289132,0.194023544685262,0.203763307025807,0.12526005227302,0.118548185761088,0.192742076972425,0.106685655773118,0.278343388526849,-0.203471891986996,-0.0509518556930388,-0.104135855902109,-0.00885865506408257,-0.137999874527857,-0.477832972602554,-0.261077712130409,0.135122358061335,0.243792837650633,-0.3123819011409
0.324120780393666,-0.122037870078426,-0.111021156324166,-0.0131972025193142,-0.0326692985655569,0.253934266107023,-0.127313973605696,0.319412160492515,0.177488734064004,0.0151217348068726,-0.141033220344644,0.250808150039356,0.118506160372803,0.247071015514955,-0.0195107918400259,0.0382824997280599,0.162137383057441,-0.0503346025994445,-0.291503627361951,-0.298650524713014,0.410748703128838,-0.0599420696237477,-0.283940542673272,0.021741189354629,-0.189522156148666
-0.187846497844185,0.293604478617967,-0.174488243075223,0.348942654222227,-0.0458209454602332,-0.194613736054983,-0.379565386575766,-0.138473556000607,0.0449402780948592,-0.253417018733307,0.207749686529258,-0.0873818406894691,-0.317646068989983,0.02123523605332,0.16183758560973,-0.14468657639873,0.0253919229558682,0.188949331245288,0.0489653630544116,-0.0929021691993132,0.342666752517794,-0.144555563785085,-0.113147091244219,0.220121604649772,-0.103080482223539
0.0900810114045585,0.217339418536884,-0.185104394053388,0.20868245965631,0.328690200918857,0.0531744263700191,0.0203009362796312,-0.185394874313022,0.40112996177596,-0.0420385101049274,0.169354175640913,0.43157275678587,0.0298605302811958,0.155467420414913,-0.337648783116989,-0.0393856645690475,-0.274058329361987,-0.0316090896231558,0.00231258333066361,0.0174679023783411,-0.0806252504603489,0.275733581515111,0.1083048046303,-0.0133341861103828,0.179181511769994
-0.233591677148896,-0.324740443390601,-0.0330704300528806,-0.0386343466676655,0.145212127533876,0.243743930570194,-0.154654266301722,-0.0409268568273617,-0.0417925234097089,0.403511730637005,0.0188841635789182,-0.178874192583827,0.143348403530898,0.152591676117794,0.0303645649679782,-0.173090680910183,-0.54114344882054,0.314773975868624,-0.00719412410732212,0.0195390742877508,0.211155677253302,-0.0529156792841606,0.0548670657034992,0.130049344741595,0.00172077619016275
0.174279877627106,-0.315553076841926,0.0221574290020523,-0.157109061322325,-0.291891161728025,-0.320598923526511,0.0718590703123167,-0.245442016504885,0.0633449079681306,-0.162593344948179,0.138553129370554,0.0258321395421326,-0.105514186888551,0.197806562025554,-0.16702292770132,0.35733806573693,-0.187648666989954,0.0950279202446709,-0.00435568394274166,-0.0574914106252917,0.104743116548008,0.0813325170407584,0.302009234249698,0.0967600494746877,-0.411828753809598
0.027379325872871,-0.114871426821196,0.180463953031605,0.236364962733267,-0.0891993275140806,-0.212270197497012,-0.161418039897772,0.119963320281583,0.410782091407752,0.305836672502414,0.0710640964099717,-0.239230766092637,-0.196515629354112,0.0459515285971794,0.180829969005853,0.163801527628994,0.0810001140321577,0.0508842777858146,-0.391903452962291,-0.15901224154286,-0.146832713817953,0.060655775717749,0.184007591216551,-0.198599565962258,0.30458882390799
