-0.29020760081483,-0.262588135160766,0.188707202982489,-0.154361865231769,0.239557525104574,0.352780477319818,0.759883862277658,-0.0769304793043983,-0.0175617712753394,-0.00964851998387558,-0.0212639365743492,0.0261947503636926,-0.04268192551851,0.000255417943843821,-0.00323768891718629,0.035593482122651,0.0210697172348977,0.00712558435050402,-0.037024893897703,-0.0580311200509834,0.0453353394521917,0.0792457068438841,0.023487709974238,-0.0505912981995752,0.0297802295602912
0.174570795884436,0.0165522198411902,0.165654488674415,-0.0888732024054286,-0.00322204258133454,0.3546980136264,-0.11749786013019,0.150962084102321,-0.339385555476878,-0.143212592849709,-0.153328834255747,-0.229722127804912,-0.0184941790291201,0.000870227780711913,0.0433061469484718,-0.0141344518060285,0.184173564414769,0.0739910285540737,-0.0114426105593094,-0.135857081040666,-0.523013522379817,0.0317655406544568,-0.130820493950067,0.320926786462496,0.323202114202919
-0.139855868035488,0.0221342986412229,-0.452143127549964,-0.0625738143935487,0.144502223396203,-0.0483125461653452,0.0119322527358915,-0.326570539055484,-0.265658328021881,-0.167967710551648,0.376735868599829,-0.227539373063593,-0.189833549011399,0.385051650766113,-0.139323563352329,0.0257016668803579,-0.207531966875504,-0.199704629311628,0.108501196718497,-0.0450447700086185,-0.178540270100787,-0.0480908483174104,0.0214747652424118,-0.0561175515265774,0.100887895415882
-0.11235915831479,0.238947431864229,0.274584351602145,-0.0266020476694935,0.00084509644177766,-0.00283722965790167,-0.00882787771838395,-0.134561218307385,0.104580134125518,0.0980246824210849,0.406527552977952,-0.103251384091055,0.125103953202069,-0.0394180575500665,0.0237638372413077,0.292883149986823,0.333495499948687,-0.0119028980742766,-0.0896592681096156,-0.0277668406358146,0.0585434111620122,-0.520470724552984,0.295455854655414,0.113916723801919,0.202981552320333
0.100789906803129,-0.226149008366715,0.127963419832195,0.206913621713609,-0.390083366709175,-0.217778700367095,0.199583015566107,0.249907473326192,-0.093820040477618,-0.217675376763742,-0.0738567605766925,0.170633401945498,-0.00883545327965074,0.443145200701081,-0.103124151166526,0.177904229357365,0.0756811473047022,-0.26617750169143,-0.183565747607052,-0.274906848678616,-0.0268660622653803,-0.203947318225019,-0.0539339636522586,0.0286905055991448,-0.12742942839292
-0.398560930634175,-0.236564331691807,-0.271777433734631,0.346889436810355,-0.0508233570438256,0.0839340275510744,-0.148496115098288,0.169323245866111,-0.0571538267099825,0.23946523067242,0.0974069217495905,-0.143684575890785,-0.278659627485129,-0.0253845000547306,0.22002507187829,-0.0656192778755018,0.339111117126963,0.209012998772954,-0.272995485794777,-0.139234229155861,0.0718586008592413,-0.0104507971041913,-0.17105862443072,-0.137425456981047,0.053578662446507
-0.392151651844812,0.229311182849501,0.0449904320266609,0.00143877153924886,-0.288185597442623,-0.0996452689983819,0.058151393642384,0.14091660894649,-0.14633660423065,-0.0882292901752725,0.0491196350274334,-0.230638375875911,0.377826329735823,-0.181761128026104,0.0994901684711637,-0.257632778080546,-0.319157195291736,-0.1497127275071,-0.261931471721902,-0.207490255307842,0.0085363202234617,0.203591633927722,0.225916578659151,0.00853877749329715,0.0997522733443031
0.301638678028872,0.297833196715805,-0.245626631414835,0.00705661495445348,-0.0503007755046431,0.206203197161755,0.0758343221917332,-0.238801553313283,0.229739194890964,0.0721669907430045,-0.157931309221856,0.163435122448016,-0.122686851951429,0.113771386154669,-0.0651275797789509,0.0920337569728629,-0.098766643542881,0.163368212629603,-0.431147562497421,-0.380604006664635,0.154156835451709,0.133199090643639,0.100823307684397,0.0152742018012922,0.287496724572815
0.131393057404907,0.0944164597934441,0.142610506127958,-0.0775447006435836,-0.152115678660496,0.268665709726245,-0.078936998036101,-0.339947525427582,-0.324961784680251,0.217589797603182,-0.112434486270302,-0.0780728871909049,0.00621396255917567,0.0150082447633419,-0.173197814802377,-0.337837634318047,0.246093333259591,-0.359929260132256,-0.235278753961321,0.128328683003828,0.151559671479854,-0.0891819877609309,-0.0873833547730292,-0.247181576758969,-0.229527726411269
0.124724113835848,-0.0161168961150306,0.107098331724333,0.249309413547642,-0.189133310962844,-0.147233663996434,0.164033815892277,-0.368977965551714,0.0716379139249355,-0.204937010967118,0.346918109383346,-0.060008323977988,0.0220483760868452,-0.313617775568649,-0.244902825865604,-0.130587386817312,0.15631935379851,0.283319538464203,0.0453603563991519,-0.240599325026899,-0.169756546824046,0.182314287618211,-0.22146188861338,0.0845641431370336,-0.245351429276274
-0.273962330892745,-0.021894064634894,0.0523649177617375,-0.0992209197071649,-0.0281823201789542,-0.104613966505352,-0.119809834302353,0.120509322627414,-0.00475514090317216,-0.0612271803554819,-0.25992963561333,-0.0836941973817343,-0.33578045969825,-0.258235317822136,-0.745545971416471,0.11059387256131,-0.0069921037710764,0.0116933357002999,0.00503211784846423,-0.043032575476506,0.0476836526349453,-0.0627942521416287,0.120388972830442,-0.0469107848846663,0.142990082845084
0.185570900684587,0.144781636215241,0.170017480725601,0.00547256123410995,0.332987013561795,-0.227710653476297,0.101334033415683,0.164375579459922,-0.0130469727154801,0.0335929768755157,0.0582831345294656,-0.172045994972554,-0.200545068144957,-0.17345078013245,0.107084640462848,-0.213133046513453,-0.166991880766575,-0.224096998993517,0.0679596721618318,-0.352589020001887,0.242468221997063,-0.247755472602597,-0.43596897135064,-0.0523271320166224,0.184742171005983
-0.228125840171102,0.137775359319633,0.121734279134585,0.0125909265050228,0.0855402514977872,0.22744018758606,-0.170030020644639,0.0162294210483039,0.235910783445569,-0.0488930104451009,0.0946321755095795,0.242910185700656,0.138966097777019,-0.0281717678589924,-0.0779725769133609,0.199410405993276,-0.265298660080756,-0.0657570980016297,-0.243915804933229,0.0352241258220448,-0.407797406602625,-0.142955050067089,-0.423570516485745,-0.35389901937369,-0.083606922352136
0.136069428771168,0.0238999822115847,-0.237119229430852,0.375617283772262,0.188116286719452,-0.0908993539504543,0.180008181538419,-0.0206363248098504,-0.209475136527587,-0.236684294113716,-0.247852474710551,0.0912673492875138,0.322257312452978,-0.161001370990844,-0.0406356416198591,-0.103373604350296,0.124349328273268,0.135683841131115,0.055587874219123,0.0852336006653233,-0.107450564994202,-0.28802936450622,0.15614661034723,-0.41880064668939,0.238416509304926
-0.166079663174753,0.408733599027073,0.00552149311389689,0.15869591658145,0.291195911541435,-0.0688857599929156,-0.000394288423812519,0.0799216661029951,-0.236588843787662,0.253134421320104,-0.0804770870996302,0.146533449919386,0.193682707068369,0.13385791403959,-0.117789836412199,0.277901545169318,0.277878147374226,-0.105603294816178,0.243829418955093,-0.288259993959122,0.00402861524886738,0.352689611122163,-0.0471689973190001,0.00425573864705039,-0.179200588446821
0.167307800847634,-0.117889631448388,0.258165809412796,-0.0432451712564183,0.113585945896617,-0.12288371123493,-0.116001295649538,0.0622875086884298,-0.170405155114082,-0.0170041721207288,0.276580159889765,0.313915076986121,-0.354037434349911,-0.166525996775836,0.162385852206769,-0.0126263911480831,0.0203207088994046,-0.142891277527895,-0.10470326809426,-0.105594187378058,-0.210972366268829,0.279721584793176,0.405954711442644,-0.351417505130883,0.0793292132930092
0.252190436386936,-0.0283843900221007,-0.397948931719191,-0.0530697783415562,-0.253635240522742,0.205166384874836,0.22897755959295,0.337755636324107,-0.0950687778708118,0.400049058816375,0.287208807712547,0.101211765631243,0.0654624910038508,-0.347759704745204,-0.157302603188224,0.116798648980006,-0.0936307187843354,-0.169348112014457,0.123088373616468,-0.00430826782531445,-0.103554385204562,-0.102302855458321,-0.00497685053201049,0.0354934480171514,-0.031207609096962
-0.136232824739312,0.00878786444959172,-0.292530197607745,-0.294687353959941,0.261849067543486,-0.0976469185125398,-0.0248538508065706,0.0595956229056432,0.170220563283758,-0.119238117704178,-0.0632514663604356,0.304740082095906,0.0233658419567336,-0.0833914516991253,0.00253933628725183,-0.395773934149775,0.258235806278347,-0.125333661060591,-0.159945069292465,-0.207386063042301,-0.222981439155208,-0.218838148844282,0.126401440843571,0.287854960042669,-0.273937441487857
0.147404285223484,0.169689277870241,0.109506850496041,0.0838956630772389,0.145868759195831,0.112208045787123,0.0732618667097402,0.435693028705861,0.234746815291968,0.032846010552249,0.290142551356814,-0.158712258497216,0.0434226371477652,0.396959688389277,-0.322380585192979,-0.400196804579476,0.0778169381329221,0.192281062674877,-0.052909172416268,0.157493910902564,-0.0225712963872968,0.110929813041126,0.106691819910945,-0.132025502778051,-0.00410166367837723
0.0988268265586037,-0.467711062654463,0.0804940042295181,-0.200772189728678,0.192220504911778,0.0307071732996338,-0.269484676439413,-0.0405764675582216,-0.177232151120699,0.218688944122269,0.0653371552816181,-0.0545532814278127,0.382426298877389,0.0967201559664024,-0.155542179561693,0.0201566289130849,-0.197544984330139,0.305479035225083,-0.0324926208631957,-0.399565100924464,0.106279229293072,-0.11856435758882,0.0874735523378868,-0.0917956723556692,-0.106606765286766
-0.0161975273489711,-0.162797947754226,-0.0652179790631172,0.15077366874861,0.0593946796825546,0.439662443206798,-0.264707069607417,0.0723893804381426,0.102978956146784,-0.460860903125972,0.20626979091053,0.156819292577025,0.156857047865493,-0.106249970422872,-0.0760806469838428,0.00272312216032991,0.115824368453804,-0.303362063325109,0.15223880581052,-0.0945065033867543,0.400578924979765,0.140461278365362,-0.0207077534530801,0.0697592861558098,0.138714595054522
0.140231051358876,0.131634243928625,-0.175641722441704,-0.471136757669361,-0.00341401111503373,-0.0661059941580622,0.049938866525032,0.215627139822264,-0.094601575203867,-0.371306257527716,0.0497356530506443,-0.280309124885003,0.0286136987211222,-0.0981069518773755,0.0989237067935489,0.312562489284988,0.239439722151987,0.148468891414528,-0.20809062227806,0.021639614771242,0.160117122034244,0.0907299106967034,-0.105201915507316,-0.290940113831705,-0.241454488046861
0.157314896633444,-0.0311347604588262,0.00608105054931192,0.411065573419261,0.372460770941579,0.10492757892641,-0.00717928502446333,0.0506101575928285,-0.036592150648244,-0.0502893045981492,-0.0513837271591919,-0.296146647036253,-0.0837798939724111,-0.150967424965298,-0.0189746541550219,0.214912747400788,-0.224657233196399,-0.138006564006462,-0.348301350446767,0.113763647696759,-0.0246700604280912,-0.0321273901684793,0.220703142090181,0.254556318849385,-0.404264601778977
-0.110759668844255,0.316234022864483,0.0753213584717868,0.0453528107295359,-0.122052008989324,0.28100149633271,-0.0162518036461081,0.100312161906093,-0.353700888247499,-0.175703164004455,0.0439465937607152,0.260719945853203,-0.273301341332538,0.0275419596406087,0.0920235841853241,-0.098959513024825,-0.245521203622499,0.386971617999818,0.180868749145591,-0.0821896240692394,0.172438167595577,-0.288930614053213,0.0903063982582827,0.0368889311125975,-0.289808823812451
-0.0173884165269904,-0.0207042271328174,0.0110160786563162,-0.0370079162188195,0.148724175091512,-0.2262136359926,0.0329500197314618,0.0292815701826484,-0.388246905622738,-0.00600749268681585,0.211420353198487,0.361483766689552,0.104898458634866,-0.0132330098154383,-0.149738803944092,0.00907185349956574,-0.0238523075257578,0.137078460656372,-0.394734961079833,0.364205831790845,0.188306617245992,0.094185888991351,-0.256409126809861,0.308733047596016,0.222500978247382
