-0.165768417491628,0.00735071799542694,0.0291039492015977,0.13792648200356,-0.650711057673547,0.00152328814493427,0.141655075370732,0.0354575894799772,0.196618034331591,-0.192433364235727,0.0359971084958556,-0.191494040174267,-0.00897548028681744,-0.0632902193350537,-0.0186292553874305,0.127400483982132,-0.246792045871961,0.0982914930353421,0.12969504681227,0.157967805562385,-0.0135934711347488,0.247457751516706,0.349004402198595,0.124614005835862,-0.249862521706882
-0.154791415481387,-0.382953101955727,0.21033640733985,0.154018120037985,-0.149188431529767,-0.314809199414094,0.0446106518575153,-0.341319973288262,-0.0835604623189097,-0.0490505452354454,-0.149623013517756,-0.16750228191674,-0.180961455659586,0.207339797612632,-0.0451373142112114,-0.0951886735746355,-0.149905783879342,-0.152330962766162,-0.255470774184342,-0.00351833330308194,-0.0926188638131985,-0.160525724595929,-0.420008628888984,0.178297308394083,-0.146309701955476
-0.0574194884255215,-0.0924363320875119,-0.142943548850543,-0.0587162071157508,-0.11166274702391,0.10235704395537,0.0490837876229091,0.347676943702119,0.00959310873996085,0.129921896205279,-0.0854203296718969,0.148147508162621,0.00667954545734108,-0.347863436014232,-0.28372036895036,0.0083609585101084,0.193366744640183,-0.231379772235673,0.0506979798869679,0.466196926514216,-0.241658840260695,0.0250415630447857,-0.344536791056882,0.285470452470857,-0.0120445950862428
-0.114226789408358,-0.429513643683805,-0.289242589715706,-0.410127322666854,0.142313683788004,0.0195543727003059,0.0210614884538704,-0.0296314934886996,0.05375606676954,-0.242076936358814,0.0291747109673716,-0.163660663588461,-0.128106527668061,-0.204861626029095,0.192643486496892,0.0882643361444509,0.143915940935038,0.291666680838562,0.0984800137737129,0.0511379366971399,-0.075664019592388,-0.135927750207717,-0.0394838542154228,-0.243119668748771,-0.365070675273677
-0.0709593116626989,-0.134666253796733,0.0554078247755238,-0.165833086868507,-0.100961087540214,0.0617751472964082,-0.18207560884652,0.0540650515803525,-0.256116631458053,0.210858425257179,0.355385580372635,0.168523484681091,0.0146496015761261,0.48005774964068,-0.137445525798262,-0.0532066903414306,-0.075888845278096,-0.0160371923519783,0.356102920903598,0.142980414400133,0.132893162649409,0.283916001125386,-0.200175427458596,-0.200798038391494,-0.217022973551074
-0.0592343705607672,-0.0549221050258323,0.280677134309348,-0.054945662071746,0.0120599584666908,-0.175872963656486,-0.213616971181557,-0.0303600974865383,0.170365278454466,-0.229558166501928,-0.257828364641048,0.0283193849942176,0.38139596991014,0.0354209505128569,-0.16901971414484,-0.202613136112708,0.0627886938456229,-0.118310646604353,0.168010416445501,0.400172516476822,0.216059482315507,-0.329981458853303,0.180316064408381,-0.270892491283344,0.0306270279298013
-0.190640098456987,0.434887222461679,-0.110344445197465,-0.271213857724449,-0.31053608345656,0.338827114462545,-0.040622976244345,-0.237656171807139,-0.0862778379704243,-0.289697103772423,-0.155874356140296,0.17403671910135,-0.0124891259884382,0.0915585800444733,0.0182810094537602,-0.011989154119644,0.0928235067136403,-0.17277216491826,-0.303623780915942,-0.0214181567469406,-0.0943202303551349,0.00111404735659042,-0.210481357158059,-0.277312454558734,-0.0569559617471
0.169856689949963,-0.0993329209381831,-0.166174584924145,0.0755769791283785,0.0556435422616768,0.417414121877379,0.0201588927394986,-0.12265244997431,0.082001380032443,0.291756905334686,0.180538138434131,-0.0655722027979721,-0.112587759575745,0.155230840153841,0.00158680158668418,-0.119667945477043,-0.0578222293341858,-0.279487387112662,-0.273751258230984,0.23743992745608,0.0710519522043416,-0.3505043704492,0.344568693639841,0.0692495208964177,-0.301894993957153
0.141413208168207,-0.0664013972275572,-0.310738090686074,-0.169191070601157,-0.111895629240152,-0.245831783987647,0.365621698847203,0.00234894193535585,-0.00907795398523642,0.250302822833474,-0.40731348388168,0.0848455204196686,-0.242012721806496,0.262368185448406,-0.226521334409307,-0.131920134202584,-0.0387191687815214,0.101516982899502,-0.00836064513103446,0.0924169095603382,-0.136836630340048,0.0672799862680249,0.218956070926149,-0.269420855253523,0.21821057286365
-0.152284385796182,-0.0624634804317951,0.0681066730163049,0.195663293393672,0.129884702822466,-0.129402597526332,0.390580511769471,-0.128758757321374,-0.170812153156412,-0.0997165037176927,0.208996105592345,0.0326617888932129,-0.153773672709194,-0.160241118442069,-0.127048236197909,0.418790984967456,0.239240724725713,-0.366200360332016,-0.040818847026863,0.110735830697599,0.277398483775807,0.113580990028463,0.0994015083780369,-0.308800294397245,0.0465274364424756
0.453143048732989,-0.442446263931175,-0.183662730443964,0.244732003707528,-0.186590372005469,0.12960878002655,-0.008654419385949,-0.14784017521364,0.122585879747909,-0.127987340450423,-0.00948117438749266,0.26745536735472,0.351807935081146,-0.117843383707509,0.0916624280175277,-0.102994350499752,0.022105533023779,-0.0978390075841448,-0.108231152426071,-0.11901643881729,0.0235675936587953,0.289981408221972,-0.108420263782274,-0.191607628241963,0.0546054619607496
0.135084122804898,0.234760564550432,-0.262464525929955,0.227924621688792,0.31078744668401,-0.0162580623064956,-0.143333673298222,-0.300375591442266,-0.164910577858575,-0.0851561874462191,-0.186339029957111,-0.114078309267042,0.0594073250433045,-0.178996805832413,-0.42035242763733,0.0642733957020527,-0.32837263154177,-0.00230427280626681,0.209638415742939,0.00448692812732804,-0.119630645459507,0.111931382248602,-0.0376494123658567,-0.0498741819003847,-0.342129328199707
0.407618824145016,0.273059121028446,0.150848808410605,-0.064280428676802,-0.156861436665457,-0.223046466963513,0.281124523175844,0.187130449999137,0.0721631096062454,0.108142461163816,0.196701157667553,0.0626718546929731,0.0424378957682575,-0.160314238930878,-0.0404968461509163,0.0359454318006147,-0.19198916149752,0.228659045760646,-0.16822599922219,0.0419247530207389,0.200904989094031,-0.268687979950104,-0.316440459275302,-0.211100192239499,-0.278536807096656
-0.389506577341022,0.100483494117548,-0.0919600380124267,0.176553976927572,-0.0218350372884083,-0.0748219511722809,0.101803389472369,-0.132024844726514,0.3855917423587,0.285560057146076,0.0822748143658031,0.154637906478101,-0.0980724566423162,-0.245680617863047,0.0188984790240792,-0.481109848549875,0.10494687342609,-0.0953711897336003,0.222314309123192,-0.262134536180292,0.0776532309927697,-0.00338593612002119,-0.0849667851345582,-0.159689088797053,-0.158026747039077
-0.0913868244976609,-0.114931272819361,0.251695298275007,-0.171654025260087,-0.126552423367066,-0.0433338067450515,-0.166488707943647,0.0940795841241141,-0.282823186983724,0.387633123971846,-0.103987949637745,-0.219101782937795,0.258548544733152,-0.256771836346918,-0.223366324746138,-0.018751791160511,0.165657261095761,-0.0112341269030101,-0.323850606816531,-0.274421655532481,-0.102912892367454,0.151514247185062,0.216716404383912,-0.172550752018355,-0.202552942013629
0.241109730642073,0.0860182024707524,0.368805750964439,-0.338541962502356,0.131327599189279,0.0893779080561934,0.340820386067364,-0.380497341301133,0.242751977935215,0.0421701732111271,0.144877063618256,-0.213517748515372,0.13663826927664,0.015916152912073,-0.00534762486724638,-0.0664561848398095,0.114827932541115,-0.11887820080116,0.197282254192112,0.0755930015566138,-0.357891697164849,0.199194217101487,-0.01794585056059,0.0812551912796334,0.0192556279464079
-0.0866741173550477,-0.113722963071667,0.358087541527873,0.0988795666599205,0.247500470490983,0.207390010934106,0.180605765393651,0.132058349902767,0.126294735622724,-0.220794239918451,-0.121208541610534,0.485208401853264,-0.124336310197448,0.137375818561496,-0.291350758214779,-0.0268334123607168,0.0694699520864596,0.290826375568745,-0.173193969162772,-0.0931855206990788,-0.0802523132645648,0.0978566779877944,0.128176992200683,0.103403115796773,-0.285037072597595
0.190008702204316,0.0549095012092385,-0.0189301632379787,0.0666475398329994,-0.169889803697581,-0.0559834022369613,0.0993406034120205,0.0826611715583527,-0.100859018186381,0.0320529474973566,-0.298098454869164,0.102026401822398,0.0907722492064416,0.199202587854213,0.144109697173191,0.244580919814899,0.359946971654435,-0.235203530685046,0.395566276489297,-0.329544968228484,-0.055459474970382,-0.270295280915347,0.0291128376766096,0.150251169098132,-0.34480315973256
-0.0739214128241977,-0.0259649193407469,0.0171443472037181,-0.0609099170910983,0.2126386180878,-0.0333492742465524,-0.0816151961821129,0.399274609256281,0.462600803303239,0.0238327613250983,-0.134499759409225,-0.119520425183427,0.0185856617742328,0.179267737724065,0.0941379180069704,0.259398868932298,-0.330338109336063,-0.401422125474044,-0.110848416296548,-0.123055866390676,-0.144838852921245,0.153275184380974,-0.0990003831707721,-0.245597094305041,-0.0979301267753483
-0.195201356992268,-0.0478792177978924,0.00293796123186021,0.23668907386962,-0.094647534594174,0.0328560306587465,-0.0779369604191093,-0.18232442118209,0.11295052651669,0.244441991736994,0.187295256963834,0.191430522590235,0.197857549120596,0.04775847812853,-0.0433774492542769,0.408223847839339,-0.0394603160922456,0.251848929588221,0.0392139997500995,0.0475936102324112,-0.492129889785576,-0.33164652743351,-0.0112003047695814,-0.22559960836914,0.167446090926406
-0.0855550024990181,-0.0367377569784545,-0.280869300018496,-0.0729187563667125,-0.0391833402517548,0.0804343650142592,0.104486700462438,0.0124514014790752,0.286462166452771,-0.083723396521399,0.150871158195188,-0.292679922973788,0.267355772484543,0.251560389323456,-0.531767832311109,0.0997549395414451,0.207053085696982,0.113176186376733,-0.0823259325801323,-0.250781470616702,0.25956830287206,-0.0901237705414914,-0.143927831485063,0.166840431441016,0.116906460310971
0.160499608488162,0.115355714878531,-0.0237904757804558,-0.0828112606050248,-0.0306485376695763,-0.280420320453766,-0.442262366584862,-0.274060258286463,0.366738889098435,0.188821450916126,-0.0609872272392752,0.143309832256714,-0.232796037320525,0.0130855410243991,0.00652275950250499,0.280652315315738,0.31374457026566,0.0988342397179775,-0.158852201735339,0.169346422374811,0.165800599443085,0.233110228431305,0.0207022109641808,0.126779532923484,-0.123287413036866
0.242680849687371,0.0125173325424051,0.00643588058591432,0.0296487191179146,-0.127760795267483,-0.218580010967746,-0.267892239220543,0.161763243228835,0.0139187464720182,-0.336220777611377,0.388987563734996,-0.0229147813870461,-0.344554431486886,-0.0112839632509381,-0.276435432137617,-0.198328245975476,0.146850818152223,-0.190355163675596,0.0127778505590686,-0.177061585802138,-0.359632587489372,-0.130758968271597,0.154358560101266,-0.125366568061401,0.0550795484972913
-0.13974486084468,-0.0180760857012918,-0.207000258009435,-0.385955495777209,0.0501122728383238,-0.377330063382508,0.0756505944449019,-0.113142338017618,-0.0584515499023945,-0.0587294008722291,0.21656118734067,0.432233324676113,0.288653957148089,-0.0565973081360367,0.004227188744086,0.0354940421702995,-0.275050641721446,-0.209919922261879,-0.111197332817148,-0.10488692736977,-0.0219951310317441,-0.056297515446174,0.218556465486447,0.314180240813137,-0.0575637759140167
0.0930712164041982,-0.204004631770686,0.208685535930129,-0.285859582428377,-0.164278519821646,0.288436211507982,-0.122073254356662,-0.13858541122225,0.0724748080531071,0.0901075682664374,-0.124215599924137,0.134850607104024,-0.307980178109729,-0.270916371853395,-0.228234878865001,0.199150645856997,-0.312588159008497,-0.0966340690316896,0.244389502224866,-0.250132317255083,0.236311736461052,-0.183872940360262,-0.0182343166305454,0.0166992410267833,0.23145688690643
