-0.29020760081483,-0.262588135160765,0.188707202982489,-0.154361865231769,0.239557525104574,0.352780477319818,0.769275106619254,-0.0206095301858398,0.00818861589111637,-0.0148533480423876,0.0118464513740438,0.0173284744526806,0.0557011887555879,0.0469342010226381,-0.00245953715179637,-0.00977197361434606,0.0323997539769908,0.029111443158601,0.0151332943171172,-0.0438128456663151,-0.0184911352657254,-0.025940711829677,-0.0334161462176501,0.00109084202179052,-0.032007257523304
0.174570795884436,0.01655221984119,0.165654488674415,-0.0888732024054286,-0.00322204258133459,0.3546980136264,-0.119010830434964,0.139398758763257,-0.34466886359252,-0.142054401411792,-0.187366895361955,-0.16713770492478,0.0552806397944196,-0.193223350006296,0.150369045928095,-0.0563612756322929,0.206555223463653,0.186501240857236,0.121606149955949,0.334417497869794,0.0417367018238016,-0.0369785187762615,-0.228037582669596,-0.144092117120787,0.475767295318317
-0.139855868035488,0.0221342986412228,-0.452143127549964,-0.0625738143935489,0.144502223396203,-0.0483125461653452,0.0189018569904005,-0.320577160333358,-0.264829349783627,-0.161218706689817,-0.230772963440951,-0.268870296632792,0.0973069317999794,0.11437924840434,0.0418360725782113,-0.0443891023498191,-0.318190823958682,-0.284006415221126,0.280147995319512,0.0640769925665781,-0.145616048523805,-0.261038857068387,-0.173292138174407,0.115950281471564,0.000646965689223187
-0.11235915831479,0.238947431864229,0.274584351602145,-0.026602047669494,0.000845096441777703,-0.00283722965790124,-0.0197590280007127,-0.12987788271388,0.103576780818627,0.102936605543082,-0.191002605561253,-0.154428914423063,-0.221170639104018,0.206124338688098,0.0771013937755552,-0.190297732968393,0.188944838601745,-0.10168484407854,-0.0915971962640084,0.176523434330029,0.475097169798467,-0.477946190846849,0.175383503236213,0.216522006862661,-0.0656534243976482
0.100789906803129,-0.226149008366715,0.127963419832195,0.206913621713609,-0.390083366709175,-0.217778700367095,0.181958819014231,0.263849112486709,-0.0900432935639889,-0.218156108343823,0.00516562959647133,0.1797674823506,0.0183301646274015,0.215757034280417,-0.0292414479800346,-0.25650541541959,0.0617155693259017,-0.308481502614538,-0.150689832592905,0.122854721814807,-0.259709698148523,-0.132157502074034,-0.162861236036104,0.314834481816737,0.168173885308043
-0.398560930634175,-0.236564331691807,-0.271777433734631,0.346889436810355,-0.0508233570438257,0.0839340275510747,-0.157227180822186,0.156754592487666,-0.0633983671803806,0.240264956820687,-0.0507206775543757,-0.149024789422822,0.253119397145397,0.0570201083774278,0.277895742152801,0.0628273969081637,0.264472078369103,0.165345541997763,-0.207252043837683,-0.14349810137297,0.16479605502701,0.00249112311653468,-0.273289882782316,0.162472144441463,-0.089280749614001
-0.392151651844812,0.229311182849501,0.044990432026661,0.00143877153924884,-0.288185597442623,-0.0996452689983819,0.130865371942273,0.125279011487951,-0.136807537503948,-0.110513411181785,0.0401161835317727,-0.230825147488334,-0.342227066894216,-0.59081124981039,0.0351295119021042,0.137801027193637,-0.139377608320706,0.00939974714510524,-0.15067134048104,0.0877920562834936,-0.122424179944562,0.00777247876266451,0.00553335173372032,0.119414923919498,-0.119685330853324
0.301638678028872,0.297833196715805,-0.245626631414835,0.00705661495445352,-0.0503007755046431,0.206203197161755,0.162263790386665,-0.248503723436219,0.243173277593739,0.0500402716870373,-0.111300391019111,0.220134130048163,0.167067019934142,-0.296883811470329,-0.0648792412278456,-0.143917158368297,0.0594395339170186,0.290138734680101,-0.164735847342209,-0.068835346655548,-0.119732580878622,-0.141991840505879,-0.155918042531536,0.429624842126635,0.0190130111904565
0.131393057404907,0.094416459793444,0.142610506127958,-0.0775447006435836,-0.152115678660496,0.268665709726245,-0.0503440503281222,-0.345568889282155,-0.324770419000257,0.220099195344094,0.0344039767935946,-0.0616550315622381,0.0213191038803636,0.0612769670712455,-0.128383519594268,0.351192263192986,0.248663875126825,-0.430011029136363,-0.342962785618626,-0.173097640542752,-0.158678485694433,0.0464412008247316,-0.0545582925190987,-0.0213802536953546,-0.0465470790848134
0.124724113835848,-0.0161168961150306,0.107098331724333,0.249309413547642,-0.189133310962844,-0.147233663996434,0.163481783971195,-0.348944598031254,0.0776682544254117,-0.199358878860746,0.208709175247444,-0.167609926556035,-0.0919558253818268,0.0274658643754305,-0.151418965493923,-0.0223332163675773,-0.116009145941442,0.127304802962214,-0.0459362815607381,-0.0910951819485292,0.357489294580847,0.00712000914101555,-0.54987127770826,-0.290282848018783,-0.00324245126792024
-0.273962330892745,-0.021894064634894,0.0523649177617376,-0.0992209197071649,-0.0281823201789542,-0.104613966505352,-0.103369827581012,0.105181990550332,-0.0069505110871331,-0.0676011946852096,-0.248718598592269,0.0117568637046437,0.387274433808852,-0.115452226530544,-0.78408660196811,0.0239459274567516,0.0774997242633003,0.0186743112972523,-0.0273261085957302,0.0285059807551608,0.136681125315129,-0.0598366750734966,0.00104579435652966,-0.0261714655400832,0.0472839299404284
0.185570900684587,0.144781636215241,0.170017480725601,0.00547256123411,0.332987013561795,-0.227710653476297,0.117016894756746,0.164892330956055,-0.00825702122107477,0.0255353905748439,0.0325320430754213,-0.182407596879381,0.202005367478077,-0.0787006416451711,0.072423175923038,0.24585428806205,-0.152137243935033,-0.230294730319256,0.00813925095292098,-0.0183411477486282,0.318601937101488,0.356217482974098,-0.113309343694905,0.464228875307113,0.176013628673674
-0.228125840171102,0.137775359319633,0.121734279134586,0.0125909265050228,0.0855402514977872,0.22744018758606,-0.173762167991479,0.00403070967675441,0.230700602232817,-0.0495375250876461,-0.41264429896678,0.28878293961491,-0.186142693888901,0.227550818076049,0.0329342996209421,0.0608501675606517,-0.325782105018943,-0.0615087765308036,-0.24901084112549,0.233425624239974,-0.0725616718744902,0.291545324255188,-0.323361543003489,-0.0326051541682826,-0.0433435272685398
0.136069428771168,0.0238999822115847,-0.237119229430852,0.375617283772263,0.188116286719452,-0.0908993539504544,0.186514468101819,-0.00825093019921065,-0.203533700812748,-0.237416571210053,-0.140110214411977,0.155981183387366,-0.266958483029491,0.134668998506221,-0.163853093864879,0.431439568640436,0.301372260319337,0.180087128236669,0.0335594226657118,0.30049378243165,0.0386839662530292,0.0300823880200527,0.133838877013581,0.0536049651540992,-0.151929820209676
-0.166079663174753,0.408733599027073,0.00552149311389693,0.15869591658145,0.291195911541435,-0.0688857599929156,0.0326018208407279,0.0704891625352628,-0.233696798879762,0.244869531416123,0.167218621630827,0.141856537636252,-0.16431910948539,-0.00111259350121835,-0.156342967748143,-0.453574437429388,0.279602258684486,-0.122169833055036,0.22515898033411,-0.054000422907644,-0.122205336250182,0.182345855880294,-0.253342396814649,-0.0503726458611311,-0.055791062125112
0.167307800847634,-0.117889631448388,0.258165809412796,-0.0432451712564183,0.113585945896617,-0.12288371123493,-0.0601332037315528,0.0391809643350304,-0.168404274449921,-0.0316991917330808,-0.11591647043278,0.287165507541982,0.277727323194952,-0.311243085083553,0.212353159880843,0.0126738087177896,-0.00330411541011854,-0.11120745466665,0.0796341241790662,0.137917607372734,0.053454406720743,-0.205961743704611,-0.204180162885278,-0.106652413875745,-0.613049432353463
0.252190436386936,-0.0283843900221007,-0.397948931719191,-0.0530697783415562,-0.253635240522742,0.205166384874835,0.216613356826041,0.350851499753483,-0.0898732941543964,0.397010486627768,-0.0805229830231083,0.0589078569916775,-0.134329356797754,-0.0488303067786959,-0.135369313874486,-0.0615639122657653,-0.221858385826078,-0.211913017421437,0.0123148482277716,0.125407727602966,0.371510708935592,0.0260010875316149,-0.0165729414345273,-0.151393654810328,-0.0887806446605106
-0.136232824739312,0.00878786444959171,-0.292530197607745,-0.294687353959941,0.261849067543485,-0.0976469185125398,-0.0616075328587469,0.0651409998627792,0.165661053317078,-0.111721544613867,0.444238164915007,0.241193605868182,-0.014947380959949,-0.0898635579351692,0.0479607316481722,0.139102167849417,0.13928086010382,-0.20770075924647,-0.309495162680689,0.253065231156552,0.0875304575404191,-0.266497990690018,-0.183526592980411,-0.123141866288055,0.217985564021081
0.147404285223484,0.169689277870241,0.109506850496041,0.083895663077239,0.145868759195831,0.112208045787123,-0.0248906726020306,0.455260612668891,0.225981859084644,0.0492402619712439,-0.0202843828435737,-0.218940264884575,-0.11822529934852,0.114448886874353,-0.117110414624722,0.308857438404341,-0.0487585839063426,0.0168542067074587,0.129681655240135,-0.288599419294548,-0.264666374893175,-0.448389107174042,-0.266493061542639,-0.0574323300958496,-0.049884066385516
0.0988268265586037,-0.467711062654463,0.0804940042295181,-0.200772189728678,0.192220504911778,0.0307071732996339,-0.238974978835108,-0.0671027052883382,-0.182972965139769,0.214392618621067,0.181445541962973,-0.0860584333557366,-0.3759076839628,-0.000248179608046881,-0.271680863751124,-0.0814314749546321,-0.139153440235381,0.247826353945356,-0.0575086347771395,0.108306981882814,-0.0537240014880928,-0.0327388846038543,-0.169098330868415,0.376021760577679,-0.117912645900823
-0.0161975273489711,-0.162797947754226,-0.0652179790631172,0.15077366874861,0.0593946796825546,0.439662443206798,-0.228257753788524,0.0424948409402014,0.098793570010621,-0.472661288620581,0.0595871282407195,0.116792779335378,-0.193000397934751,-0.217660129649302,-0.0689315664782253,-0.102286696359351,0.0900901859117008,-0.324470187675342,0.173501142813429,-0.325178767353624,0.245286740447407,0.0536521886271873,0.0627056121106623,0.158599534258743,-0.0627690333974155
0.140231051358876,0.131634243928625,-0.175641722441704,-0.471136757669361,-0.00341401111503368,-0.0661059941580622,0.0433541567050605,0.216468291664363,-0.0943604412133016,-0.373575130671007,-0.106059071000095,-0.270632667361897,-0.0252248172951205,0.231550821510834,0.0355547364169314,-0.197306573932503,0.215589161755415,0.129168523651229,-0.287622829511018,-0.165309303676502,0.0266927850285516,0.208410823409624,-0.080203239311947,-0.0172597069684346,-0.324921275859249
0.157314896633444,-0.0311347604588262,0.0060810505493119,0.411065573419261,0.372460770941579,0.10492757892641,0.000132135200023581,0.0473098990551611,-0.0361800053922583,-0.0530224448052451,0.0263073175011307,-0.285568133886397,0.112927307453598,-0.123471120234559,-0.0816997212202412,-0.300568388704813,-0.220088587392424,-0.0705626394081971,-0.51054294543053,0.10792807249037,-0.113398158930926,-0.0632050886619829,0.243296086691696,-0.19698714327146,-0.0367234323290572
-0.110759668844256,0.316234022864483,0.0753213584717868,0.0453528107295359,-0.122052008989323,0.28100149633271,-0.0688004759294959,0.109374009451654,-0.361514204693846,-0.159654179834042,0.44028156803658,0.172973065694692,0.243653018368938,0.289397011464773,-0.031196434711367,0.0601408311041151,-0.345753376687443,0.230801220323296,-0.0046679781400122,0.0410795538163339,0.116034768829949,-0.102871765728926,0.0967307997893026,0.14545546396208,-0.112701527021485
-0.0173884165269904,-0.0207042271328174,0.0110160786563162,-0.0370079162188195,0.148724175091512,-0.2262136359926,0.0395071185362883,0.0296056206879445,-0.387706098805677,-0.00490662342060832,-0.270086943299701,0.358338024033298,-0.180877118559016,-0.059371318785518,0.0862153637325934,-0.000835693690010709,-0.173476598359171,0.136497161942695,-0.228742450868165,-0.524903092828901,0.153385599945234,-0.186349842356327,0.0391670626254985,-0.0871983088546767,0.287607022378238
